0,0,0
24
chamber_center,-153,0,-298,105,250,247
chamber_caps,-153,0,-298,255,255,255
chamber_center,-63.057,0,-298,105,250,247
chamber_caps,-63.057,0,-298,255,255,255
chamber_center,33.057,0,-298,105,250,247
chamber_caps,33.057,0,-298,255,255,255
floorTile1,150,0,0,117,148,172
floorTile2,0,0,0,117,148,172
floorTile1,0,0,-150,117,148,172
floorTile2,150,0,-150,117,148,172
wallsegment2,-150,0,-150,119,90,60
door,-210,0,7.715,117,148,172
cornersegment1,-150,0,-300,119,90,60
cornersegment2,300,0,-300,119,90,60
wallsegment3,0,0,-300,119,90,60
crates,-160.741,0,-152.047,245,232,203
wallsegment1,-150,0,0,119,90,60
wallsegment3,150,0,-300,119,90,60
wallsegment4,300,0,-150,119,90,60
wallsegment4,300,0,0,119,90,60
crates,308.654,0,0,255,240,240
rails,-83.349,0,-231.593,248,211,7
pipes2,212.184,60.136,-360,192,39,39
pipes,294.577,60.136,-360,192,39,39
5
-198,75,-250,105,250,247
-108,75,-250,105,250,247
-18,75,-250,105,250,247
72,75,-250,105,250,247
0,100,0,255,255,255

